  8.0000e+000
  3.2130e-001
  2.3905e+001
  4.6912e+001
  6.9343e+001
  9.1198e+001
  1.1248e+002
  1.3318e+002
  1.5331e+002
  1.7286e+002
  1.9183e+002
  2.1023e+002
  2.2806e+002
  2.4530e+002
  2.6198e+002
  2.7807e+002
  2.9359e+002
  3.0853e+002
  3.2290e+002
  3.3669e+002
  3.4991e+002
  3.6252e+002
  3.7502e+002
  3.8738e+002
  3.9960e+002
  4.1168e+002
  4.2362e+002
  4.3542e+002
  4.4708e+002
  4.5860e+002
  4.6997e+002
  4.8121e+002
  4.9231e+002
  5.0327e+002
  5.1409e+002
  5.2477e+002
  5.3531e+002
  5.4571e+002
  5.5597e+002
  5.6609e+002
  5.7607e+002
  5.8590e+002
  5.9572e+002
  6.0552e+002
  6.1530e+002
  6.2506e+002
  6.3480e+002
  6.4452e+002
  6.5421e+002
  6.6389e+002
  6.7355e+002
  6.8319e+002
  6.9281e+002
  7.0241e+002
  7.1199e+002
  7.2155e+002
  7.3109e+002
  7.4061e+002
  7.5011e+002
  7.5959e+002
  7.6905e+002
  7.7848e+002
  7.8790e+002
  7.9730e+002
  8.0668e+002
  8.1604e+002
  8.2538e+002
  8.3470e+002
  8.4400e+002
  8.5328e+002
  8.6254e+002
  8.7178e+002
  8.8100e+002
  8.9020e+002
  8.9938e+002
  9.0853e+002
  9.1767e+002
  9.2679e+002
  9.3589e+002
  9.4497e+002
  9.5403e+002
  9.6307e+002
  9.7209e+002
  9.8109e+002
  9.9007e+002
  9.9903e+002
  1.0080e+003
  1.0169e+003
  1.0258e+003
  1.0347e+003
  1.0435e+003
  1.0524e+003
  1.0612e+003
  1.0700e+003
  1.0788e+003
  1.0875e+003
  1.0963e+003
  1.1050e+003
  1.1137e+003
  1.1224e+003
  1.1310e+003
  1.1397e+003
  1.1483e+003
  1.1569e+003
  1.1655e+003
  1.1740e+003
  1.1826e+003
  1.1911e+003
  1.1996e+003
  1.2080e+003
  1.2165e+003
  1.2249e+003
  1.2334e+003
  1.2418e+003
  1.2501e+003
  1.2585e+003
  1.2668e+003
  1.2752e+003
  1.2835e+003
  1.2917e+003
  1.3000e+003

